1.493259999999999991e+03
1.495549999999999955e+03
1.497839999999999918e+03
1.500119999999999891e+03
1.502410000000000082e+03
1.504690000000000055e+03
1.506970000000000027e+03
1.509250000000000000e+03
1.511519999999999982e+03
1.513799999999999955e+03
1.516069999999999936e+03
1.518349999999999909e+03
1.520619999999999891e+03
1.522890000000000100e+03
1.525150000000000091e+03
1.527420000000000073e+03
1.529690000000000055e+03
1.531950000000000045e+03
1.534210000000000036e+03
1.536470000000000027e+03
1.538730000000000018e+03
1.540990000000000009e+03
1.543240000000000009e+03
1.545500000000000000e+03
1.547750000000000000e+03
1.550000000000000000e+03
1.552250000000000000e+03
1.554500000000000000e+03
1.556750000000000000e+03
1.558990000000000009e+03
1.561240000000000009e+03
1.563480000000000018e+03
1.565720000000000027e+03
1.567960000000000036e+03
1.570200000000000045e+03
1.572430000000000064e+03
1.574670000000000073e+03
1.576900000000000091e+03
1.579130000000000109e+03
1.581359999999999900e+03
1.583589999999999918e+03
1.585819999999999936e+03
1.588039999999999964e+03
1.590269999999999982e+03
1.592490000000000009e+03
1.594710000000000036e+03
1.596930000000000064e+03
1.599150000000000091e+03
1.601369999999999891e+03
1.603579999999999927e+03
1.605799999999999955e+03
1.608009999999999991e+03
1.610220000000000027e+03
1.612430000000000064e+03
1.614640000000000100e+03
1.616839999999999918e+03
1.619049999999999955e+03
1.621250000000000000e+03
1.623450000000000045e+03
1.625650000000000091e+03
1.627849999999999909e+03
1.630049999999999955e+03
1.632240000000000009e+03
1.634440000000000055e+03
1.636630000000000109e+03
1.638819999999999936e+03
1.641009999999999991e+03
1.643200000000000045e+03
1.645390000000000100e+03
1.647569999999999936e+03
1.649750000000000000e+03
1.651940000000000055e+03
1.654119999999999891e+03
1.656299999999999955e+03
1.658470000000000027e+03
1.660650000000000091e+03
1.662819999999999936e+03
1.665000000000000000e+03
1.667170000000000073e+03
1.669339999999999918e+03
1.671509999999999991e+03
1.673670000000000073e+03
1.675839999999999918e+03
1.678000000000000000e+03
1.680170000000000073e+03
1.682329999999999927e+03
1.684490000000000009e+03
1.686650000000000091e+03
1.688799999999999955e+03
1.690960000000000036e+03
1.693109999999999900e+03
1.695259999999999991e+03
1.697410000000000082e+03
1.699559999999999945e+03
1.701710000000000036e+03
1.703859999999999900e+03
1.706000000000000000e+03
1.708150000000000091e+03
1.710289999999999964e+03
1.712430000000000064e+03
