-2.421247934396300800e-04
1.306275112193467974e-04
6.588934048481942703e-04
5.898845633739469322e-04
1.169830626787087035e-03
1.413913210777311769e-03
1.076857731028698804e-03
6.851294977778598716e-04
6.370170346532417864e-04
8.272690266099202443e-06
-1.135927195368209602e-04
2.976172967176845142e-04
2.426486542201884515e-04
3.111026563891268666e-04
7.863821446756680050e-04
7.778619462810910544e-04
1.582394873813182390e-03
2.324044949227289589e-03
2.510952436908353135e-03
3.245532499040146637e-03
3.980629910188888954e-03
4.214033222403185119e-03
4.832126788145063058e-03
5.460500313577837384e-03
5.477509613743746127e-03
5.916676254066981916e-03
6.593653106569874987e-03
7.045008911319187821e-03
7.901010218834563295e-03
8.451227563073418145e-03
8.267424666547508808e-03
8.475185790706095748e-03
8.156381447303297574e-03
7.591657710447899214e-03
7.316616820110743817e-03
7.542025447040670051e-03
7.239920610282880170e-03
7.728093959101151912e-03
8.720620678322620403e-03
9.212927139685698000e-03
9.873256233371327864e-03
1.067929163726422971e-02
1.026850849436605241e-02
9.910984193696398617e-03
9.530695208265204180e-03
8.383439454528044885e-03
7.923061134705186581e-03
7.599844026444028088e-03
6.563372528512914465e-03
6.346453165030578776e-03
6.358686273172210225e-03
5.821828230661595972e-03
5.737791948614648536e-03
6.201901502113349278e-03
6.366754652115075991e-03
7.145239179332150969e-03
8.089451477985091718e-03
7.927342551645490121e-03
8.385607579629037259e-03
9.016478606234328008e-03
9.036334519264671225e-03
9.874048919344034780e-03
1.074877476925151058e-02
1.158815423224899416e-02
1.241349062767771634e-02
1.319131281912254428e-02
1.223133211840649222e-02
1.077426553374962424e-02
9.077891002993587408e-03
6.576594142931123377e-03
5.246506466647534589e-03
4.372798203046437959e-03
3.439399105575838972e-03
3.051070181005475709e-03
3.011037721226815511e-03
2.194987158010645173e-03
1.840606402956491798e-03
1.790172833134052012e-03
1.473074199736118051e-03
1.292294226051037302e-03
1.448889688185374001e-03
1.032901484226489332e-03
1.042098610418848046e-03
1.035553606660510710e-03
6.363816457215230090e-04
6.433305243962972276e-04
7.668707344245766092e-04
4.826950355841577440e-04
4.615620236568122371e-04
5.904985838478229087e-04
2.637649850473948801e-05
4.274834826046174015e-05
-2.933183628429274561e-05
-3.246509091634845723e-04
-2.890304103172290488e-04
-1.785966228292951326e-04
-4.986323996493854634e-04
-4.477678042213477307e-04
-2.468416395834317659e-04
-5.345942626390573103e-04
